(0, 6, 0, 0, 0) r 1.0
(0, 6, 0, 0, 0) s 1.0
(0, 6, 0, 1, 0) r 1.0
(0, 6, 0, 1, 0) s 1.0
(0, 6, 0, 2, 0) r 1.0
(0, 6, 0, 2, 0) s 1.0
(0, 6, 0, 3, 0) r 1.0
(0, 6, 0, 3, 0) s 1.0
(0, 6, 0, 4, 0) r 1.0
(0, 6, 0, 4, 0) s 1.0
(0, 6, 0, 5, 0) r 1.0
(0, 6, 0, 5, 0) s 1.0
(0, 6, 0, 7, 0) r 1.0
(0, 6, 0, 7, 0) s 1.0
(0, 6, 1, 0, 0) r 1.0
(0, 6, 1, 0, 0) s 1.0
(0, 6, 1, 1, 0) r 1.0
(0, 6, 1, 1, 0) s 1.0
(0, 6, 1, 2, 0) r 1.0
(0, 6, 1, 2, 0) s 1.0
(0, 6, 1, 3, 0) r 1.0
(0, 6, 1, 3, 0) s 1.0
(0, 6, 1, 4, 0) r 1.0
(0, 6, 1, 4, 0) s 1.0
(0, 6, 1, 5, 0) r 1.0
(0, 6, 1, 5, 0) s 1.0
(0, 6, 1, 6, 0) r 1.0
(0, 6, 1, 6, 0) s 1.0
(0, 6, 1, 7, 0) r 0.6083333333333334
(0, 6, 1, 7, 0) s 0.6083333333333334
(0, 6, 2, 0, 0) r 1.0
(0, 6, 2, 0, 0) s 1.0
(0, 6, 2, 1, 0) r 1.0
(0, 6, 2, 1, 0) s 1.0
(0, 6, 2, 2, 0) r 1.0
(0, 6, 2, 2, 0) s 1.0
(0, 6, 2, 3, 0) r 1.0
(0, 6, 2, 3, 0) s 1.0
(0, 6, 2, 4, 0) r 1.0
(0, 6, 2, 4, 0) s 1.0
(0, 6, 2, 5, 0) r 1.0
(0, 6, 2, 5, 0) s 1.0
(0, 6, 2, 6, 0) r 1.0
(0, 6, 2, 6, 0) s 1.0
(0, 6, 2, 7, 0) r 1.0
(0, 6, 2, 7, 0) s 1.0
(0, 6, 3, 0, 0) r 1.0
(0, 6, 3, 0, 0) s 1.0
(0, 6, 3, 1, 0) r 1.0
(0, 6, 3, 1, 0) s 1.0
(0, 6, 3, 2, 0) r 1.0
(0, 6, 3, 2, 0) s 1.0
(0, 6, 3, 3, 0) r 1.0
(0, 6, 3, 3, 0) s 1.0
(0, 6, 3, 4, 0) r 1.0
(0, 6, 3, 4, 0) s 1.0
(0, 6, 3, 5, 0) r 1.0
(0, 6, 3, 5, 0) s 1.0
(0, 6, 3, 6, 0) r 1.0
(0, 6, 3, 6, 0) s 1.0
(0, 6, 3, 7, 0) r 1.0
(0, 6, 3, 7, 0) s 1.0
(0, 6, 4, 0, 0) r 1.0
(0, 6, 4, 0, 0) s 1.0
(0, 6, 4, 1, 0) r 1.0
(0, 6, 4, 1, 0) s 1.0
(0, 6, 4, 2, 0) r 1.0
(0, 6, 4, 2, 0) s 1.0
(0, 6, 4, 3, 0) r 1.0
(0, 6, 4, 3, 0) s 1.0
(0, 6, 4, 4, 0) r 1.0
(0, 6, 4, 4, 0) s 1.0
(0, 6, 4, 5, 0) r 1.0
(0, 6, 4, 5, 0) s 1.0
(0, 6, 4, 6, 0) r 1.0
(0, 6, 4, 6, 0) s 1.0
(0, 6, 4, 7, 0) r 1.0
(0, 6, 4, 7, 0) s 1.0
(0, 6, 5, 0, 0) r 1.0
(0, 6, 5, 0, 0) s 1.0
(0, 6, 5, 1, 0) r 1.0
(0, 6, 5, 1, 0) s 1.0
(0, 6, 5, 2, 0) r 1.0
(0, 6, 5, 2, 0) s 1.0
(0, 6, 5, 3, 0) r 1.0
(0, 6, 5, 3, 0) s 1.0
(0, 6, 5, 4, 0) r 1.0
(0, 6, 5, 4, 0) s 1.0
(0, 6, 5, 5, 0) r 1.0
(0, 6, 5, 5, 0) s 1.0
(0, 6, 5, 6, 0) r 1.0
(0, 6, 5, 6, 0) s 1.0
(0, 6, 5, 7, 0) r 1.0
(0, 6, 5, 7, 0) s 1.0
(0, 6, 6, 0, 0) r 1.0
(0, 6, 6, 0, 0) s 1.0
(0, 6, 6, 1, 0) r 1.0
(0, 6, 6, 1, 0) s 1.0
(0, 6, 6, 2, 0) r 1.0
(0, 6, 6, 2, 0) s 1.0
(0, 6, 6, 3, 0) r 1.0
(0, 6, 6, 3, 0) s 1.0
(0, 6, 6, 4, 0) r 1.0
(0, 6, 6, 4, 0) s 1.0
(0, 6, 6, 5, 0) r 1.0
(0, 6, 6, 5, 0) s 1.0
(0, 6, 6, 6, 0) r 1.0
(0, 6, 6, 6, 0) s 1.0
(0, 6, 6, 7, 0) r 1.0
(0, 6, 6, 7, 0) s 1.0
(0, 7, 0, 0, 0) s 1.0
(0, 7, 0, 1, 0) s 1.0
(0, 7, 0, 2, 0) s 1.0
(0, 7, 0, 3, 0) s 1.0
(0, 7, 0, 4, 0) s 1.0
(0, 7, 0, 5, 0) s 1.0
(0, 7, 0, 6, 0) s 0.43333333333333335
(0, 7, 1, 0, 0) s 1.0
(0, 7, 1, 1, 0) s 1.0
(0, 7, 1, 2, 0) s 1.0
(0, 7, 1, 3, 0) s 1.0
(0, 7, 1, 4, 0) s 1.0
(0, 7, 1, 5, 0) s 1.0
(0, 7, 1, 6, 0) s 1.0
(0, 7, 1, 7, 0) s 0.43333333333333335
(0, 7, 2, 0, 0) s 1.0
(0, 7, 2, 1, 0) s 1.0
(0, 7, 2, 2, 0) s 1.0
(0, 7, 2, 3, 0) s 1.0
(0, 7, 2, 4, 0) s 1.0
(0, 7, 2, 5, 0) s 1.0
(0, 7, 2, 6, 0) s 1.0
(0, 7, 2, 7, 0) s 1.0
(0, 7, 3, 0, 0) s 1.0
(0, 7, 3, 1, 0) s 1.0
(0, 7, 3, 2, 0) s 1.0
(0, 7, 3, 3, 0) s 1.0
(0, 7, 3, 4, 0) s 1.0
(0, 7, 3, 5, 0) s 1.0
(0, 7, 3, 6, 0) s 1.0
(0, 7, 3, 7, 0) s 1.0
(0, 7, 4, 0, 0) s 1.0
(0, 7, 4, 1, 0) s 1.0
(0, 7, 4, 2, 0) s 1.0
(0, 7, 4, 3, 0) s 1.0
(0, 7, 4, 4, 0) s 1.0
(0, 7, 4, 5, 0) s 1.0
(0, 7, 4, 6, 0) s 1.0
(0, 7, 4, 7, 0) s 1.0
(0, 7, 5, 0, 0) s 1.0
(0, 7, 5, 1, 0) s 1.0
(0, 7, 5, 2, 0) s 1.0
(0, 7, 5, 3, 0) s 1.0
(0, 7, 5, 4, 0) s 1.0
(0, 7, 5, 5, 0) s 1.0
(0, 7, 5, 6, 0) s 1.0
(0, 7, 5, 7, 0) s 1.0
(0, 7, 6, 0, 0) s 1.0
(0, 7, 6, 1, 0) s 1.0
(0, 7, 6, 2, 0) s 1.0
(0, 7, 6, 3, 0) s 1.0
(0, 7, 6, 4, 0) s 1.0
(0, 7, 6, 5, 0) s 1.0
(0, 7, 6, 6, 0) s 1.0
(0, 7, 6, 7, 0) s 1.0
(1, 7, 0, 0, 0) up 1.0
(1, 7, 0, 0, 0) l 1.0
(1, 7, 0, 0, 0) s 1.0
(1, 7, 0, 1, 0) up 1.0
(1, 7, 0, 1, 0) l 1.0
(1, 7, 0, 1, 0) s 1.0
(1, 7, 0, 2, 0) up 1.0
(1, 7, 0, 2, 0) l 1.0
(1, 7, 0, 2, 0) s 1.0
(1, 7, 0, 3, 0) up 1.0
(1, 7, 0, 3, 0) l 1.0
(1, 7, 0, 3, 0) s 1.0
(1, 7, 0, 4, 0) up 1.0
(1, 7, 0, 4, 0) l 1.0
(1, 7, 0, 4, 0) s 1.0
(1, 7, 0, 5, 0) up 1.0
(1, 7, 0, 5, 0) l 1.0
(1, 7, 0, 5, 0) s 1.0
(1, 7, 0, 6, 0) up 0.6083333333333334
(1, 7, 0, 6, 0) l 0.6083333333333334
(1, 7, 0, 6, 0) s 0.6083333333333334
(1, 7, 0, 7, 0) up 1.0
(1, 7, 0, 7, 0) l 1.0
(1, 7, 0, 7, 0) s 1.0
(1, 7, 1, 0, 0) up 1.0
(1, 7, 1, 0, 0) l 1.0
(1, 7, 1, 0, 0) s 1.0
(1, 7, 1, 1, 0) up 1.0
(1, 7, 1, 1, 0) l 1.0
(1, 7, 1, 1, 0) s 1.0
(1, 7, 1, 2, 0) up 1.0
(1, 7, 1, 2, 0) l 1.0
(1, 7, 1, 2, 0) s 1.0
(1, 7, 1, 3, 0) up 1.0
(1, 7, 1, 3, 0) l 1.0
(1, 7, 1, 3, 0) s 1.0
(1, 7, 1, 4, 0) up 1.0
(1, 7, 1, 4, 0) l 1.0
(1, 7, 1, 4, 0) s 1.0
(1, 7, 1, 5, 0) up 1.0
(1, 7, 1, 5, 0) l 1.0
(1, 7, 1, 5, 0) s 1.0
(1, 7, 1, 6, 0) up 1.0
(1, 7, 1, 6, 0) l 1.0
(1, 7, 1, 6, 0) s 1.0
(1, 7, 2, 0, 0) up 1.0
(1, 7, 2, 0, 0) l 1.0
(1, 7, 2, 0, 0) s 1.0
(1, 7, 2, 1, 0) up 1.0
(1, 7, 2, 1, 0) l 1.0
(1, 7, 2, 1, 0) s 1.0
(1, 7, 2, 2, 0) up 1.0
(1, 7, 2, 2, 0) l 1.0
(1, 7, 2, 2, 0) s 1.0
(1, 7, 2, 3, 0) up 1.0
(1, 7, 2, 3, 0) l 1.0
(1, 7, 2, 3, 0) s 1.0
(1, 7, 2, 4, 0) up 1.0
(1, 7, 2, 4, 0) l 1.0
(1, 7, 2, 4, 0) s 1.0
(1, 7, 2, 5, 0) up 1.0
(1, 7, 2, 5, 0) l 1.0
(1, 7, 2, 5, 0) s 1.0
(1, 7, 2, 6, 0) up 1.0
(1, 7, 2, 6, 0) l 1.0
(1, 7, 2, 6, 0) s 1.0
(1, 7, 2, 7, 0) up 1.0
(1, 7, 2, 7, 0) l 1.0
(1, 7, 2, 7, 0) s 1.0
(1, 7, 3, 0, 0) up 1.0
(1, 7, 3, 0, 0) l 1.0
(1, 7, 3, 0, 0) s 1.0
(1, 7, 3, 1, 0) up 1.0
(1, 7, 3, 1, 0) l 1.0
(1, 7, 3, 1, 0) s 1.0
(1, 7, 3, 2, 0) up 1.0
(1, 7, 3, 2, 0) l 1.0
(1, 7, 3, 2, 0) s 1.0
(1, 7, 3, 3, 0) up 1.0
(1, 7, 3, 3, 0) l 1.0
(1, 7, 3, 3, 0) s 1.0
(1, 7, 3, 4, 0) up 1.0
(1, 7, 3, 4, 0) l 1.0
(1, 7, 3, 4, 0) s 1.0
(1, 7, 3, 5, 0) up 1.0
(1, 7, 3, 5, 0) l 1.0
(1, 7, 3, 5, 0) s 1.0
(1, 7, 3, 6, 0) up 1.0
(1, 7, 3, 6, 0) l 1.0
(1, 7, 3, 6, 0) s 1.0
(1, 7, 3, 7, 0) up 1.0
(1, 7, 3, 7, 0) l 1.0
(1, 7, 3, 7, 0) s 1.0
(1, 7, 4, 0, 0) up 1.0
(1, 7, 4, 0, 0) l 1.0
(1, 7, 4, 0, 0) s 1.0
(1, 7, 4, 1, 0) up 1.0
(1, 7, 4, 1, 0) l 1.0
(1, 7, 4, 1, 0) s 1.0
(1, 7, 4, 2, 0) up 1.0
(1, 7, 4, 2, 0) l 1.0
(1, 7, 4, 2, 0) s 1.0
(1, 7, 4, 3, 0) up 1.0
(1, 7, 4, 3, 0) l 1.0
(1, 7, 4, 3, 0) s 1.0
(1, 7, 4, 4, 0) up 1.0
(1, 7, 4, 4, 0) l 1.0
(1, 7, 4, 4, 0) s 1.0
(1, 7, 4, 5, 0) up 1.0
(1, 7, 4, 5, 0) l 1.0
(1, 7, 4, 5, 0) s 1.0
(1, 7, 4, 6, 0) up 1.0
(1, 7, 4, 6, 0) l 1.0
(1, 7, 4, 6, 0) s 1.0
(1, 7, 4, 7, 0) up 1.0
(1, 7, 4, 7, 0) l 1.0
(1, 7, 4, 7, 0) s 1.0
(1, 7, 5, 0, 0) up 1.0
(1, 7, 5, 0, 0) l 1.0
(1, 7, 5, 0, 0) s 1.0
(1, 7, 5, 1, 0) up 1.0
(1, 7, 5, 1, 0) l 1.0
(1, 7, 5, 1, 0) s 1.0
(1, 7, 5, 2, 0) up 1.0
(1, 7, 5, 2, 0) l 1.0
(1, 7, 5, 2, 0) s 1.0
(1, 7, 5, 3, 0) up 1.0
(1, 7, 5, 3, 0) l 1.0
(1, 7, 5, 3, 0) s 1.0
(1, 7, 5, 4, 0) up 1.0
(1, 7, 5, 4, 0) l 1.0
(1, 7, 5, 4, 0) s 1.0
(1, 7, 5, 5, 0) up 1.0
(1, 7, 5, 5, 0) l 1.0
(1, 7, 5, 5, 0) s 1.0
(1, 7, 5, 6, 0) up 1.0
(1, 7, 5, 6, 0) l 1.0
(1, 7, 5, 6, 0) s 1.0
(1, 7, 5, 7, 0) up 1.0
(1, 7, 5, 7, 0) l 1.0
(1, 7, 5, 7, 0) s 1.0
(1, 7, 6, 0, 0) up 1.0
(1, 7, 6, 0, 0) l 1.0
(1, 7, 6, 0, 0) s 1.0
(1, 7, 6, 1, 0) up 1.0
(1, 7, 6, 1, 0) l 1.0
(1, 7, 6, 1, 0) s 1.0
(1, 7, 6, 2, 0) up 1.0
(1, 7, 6, 2, 0) l 1.0
(1, 7, 6, 2, 0) s 1.0
(1, 7, 6, 3, 0) up 1.0
(1, 7, 6, 3, 0) l 1.0
(1, 7, 6, 3, 0) s 1.0
(1, 7, 6, 4, 0) up 1.0
(1, 7, 6, 4, 0) l 1.0
(1, 7, 6, 4, 0) s 1.0
(1, 7, 6, 5, 0) up 1.0
(1, 7, 6, 5, 0) l 1.0
(1, 7, 6, 5, 0) s 1.0
(1, 7, 6, 6, 0) up 1.0
(1, 7, 6, 6, 0) l 1.0
(1, 7, 6, 6, 0) s 1.0
(1, 7, 6, 7, 0) up 1.0
(1, 7, 6, 7, 0) l 1.0
(1, 7, 6, 7, 0) s 1.0
(6, 6, 0, 0, 1) l 1.0
(6, 6, 0, 0, 1) r 1.0
(6, 6, 0, 0, 1) s 1.0
(6, 6, 0, 1, 1) l 1.0
(6, 6, 0, 1, 1) r 1.0
(6, 6, 0, 1, 1) s 1.0
(6, 6, 0, 2, 1) l 1.0
(6, 6, 0, 2, 1) r 1.0
(6, 6, 0, 2, 1) s 1.0
(6, 6, 0, 3, 1) l 1.0
(6, 6, 0, 3, 1) r 1.0
(6, 6, 0, 3, 1) s 1.0
(6, 6, 0, 4, 1) l 1.0
(6, 6, 0, 4, 1) r 1.0
(6, 6, 0, 4, 1) s 1.0
(6, 6, 0, 5, 1) l 1.0
(6, 6, 0, 5, 1) r 1.0
(6, 6, 0, 5, 1) s 1.0
(6, 6, 0, 6, 1) l 1.0
(6, 6, 0, 6, 1) r 1.0
(6, 6, 0, 6, 1) s 1.0
(6, 6, 0, 7, 1) l 1.0
(6, 6, 0, 7, 1) r 1.0
(6, 6, 0, 7, 1) s 1.0
(6, 6, 1, 0, 1) l 1.0
(6, 6, 1, 0, 1) r 1.0
(6, 6, 1, 0, 1) s 1.0
(6, 6, 1, 1, 1) l 1.0
(6, 6, 1, 1, 1) r 1.0
(6, 6, 1, 1, 1) s 1.0
(6, 6, 1, 2, 1) l 1.0
(6, 6, 1, 2, 1) r 1.0
(6, 6, 1, 2, 1) s 1.0
(6, 6, 1, 3, 1) l 1.0
(6, 6, 1, 3, 1) r 1.0
(6, 6, 1, 3, 1) s 1.0
(6, 6, 1, 4, 1) l 1.0
(6, 6, 1, 4, 1) r 1.0
(6, 6, 1, 4, 1) s 1.0
(6, 6, 1, 5, 1) l 1.0
(6, 6, 1, 5, 1) r 1.0
(6, 6, 1, 5, 1) s 1.0
(6, 6, 1, 6, 1) l 1.0
(6, 6, 1, 6, 1) r 1.0
(6, 6, 1, 6, 1) s 1.0
(6, 6, 1, 7, 1) l 1.0
(6, 6, 1, 7, 1) r 1.0
(6, 6, 1, 7, 1) s 1.0
(6, 6, 2, 0, 1) l 1.0
(6, 6, 2, 0, 1) r 1.0
(6, 6, 2, 0, 1) s 1.0
(6, 6, 2, 1, 1) l 1.0
(6, 6, 2, 1, 1) r 1.0
(6, 6, 2, 1, 1) s 1.0
(6, 6, 2, 2, 1) l 1.0
(6, 6, 2, 2, 1) r 1.0
(6, 6, 2, 2, 1) s 1.0
(6, 6, 2, 3, 1) l 1.0
(6, 6, 2, 3, 1) r 1.0
(6, 6, 2, 3, 1) s 1.0
(6, 6, 2, 4, 1) l 1.0
(6, 6, 2, 4, 1) r 1.0
(6, 6, 2, 4, 1) s 1.0
(6, 6, 2, 5, 1) l 1.0
(6, 6, 2, 5, 1) r 1.0
(6, 6, 2, 5, 1) s 1.0
(6, 6, 2, 6, 1) l 1.0
(6, 6, 2, 6, 1) r 1.0
(6, 6, 2, 6, 1) s 1.0
(6, 6, 2, 7, 1) l 1.0
(6, 6, 2, 7, 1) r 1.0
(6, 6, 2, 7, 1) s 1.0
(6, 6, 3, 0, 1) l 1.0
(6, 6, 3, 0, 1) r 1.0
(6, 6, 3, 0, 1) s 1.0
(6, 6, 3, 1, 1) l 1.0
(6, 6, 3, 1, 1) r 1.0
(6, 6, 3, 1, 1) s 1.0
(6, 6, 3, 2, 1) l 1.0
(6, 6, 3, 2, 1) r 1.0
(6, 6, 3, 2, 1) s 1.0
(6, 6, 3, 3, 1) l 1.0
(6, 6, 3, 3, 1) r 1.0
(6, 6, 3, 3, 1) s 1.0
(6, 6, 3, 4, 1) l 1.0
(6, 6, 3, 4, 1) r 1.0
(6, 6, 3, 4, 1) s 1.0
(6, 6, 3, 5, 1) l 1.0
(6, 6, 3, 5, 1) r 1.0
(6, 6, 3, 5, 1) s 1.0
(6, 6, 3, 6, 1) l 1.0
(6, 6, 3, 6, 1) r 1.0
(6, 6, 3, 6, 1) s 1.0
(6, 6, 3, 7, 1) l 1.0
(6, 6, 3, 7, 1) r 1.0
(6, 6, 3, 7, 1) s 1.0
(6, 6, 4, 0, 1) l 1.0
(6, 6, 4, 0, 1) r 1.0
(6, 6, 4, 0, 1) s 1.0
(6, 6, 4, 1, 1) l 1.0
(6, 6, 4, 1, 1) r 1.0
(6, 6, 4, 1, 1) s 1.0
(6, 6, 4, 2, 1) l 1.0
(6, 6, 4, 2, 1) r 1.0
(6, 6, 4, 2, 1) s 1.0
(6, 6, 4, 3, 1) l 1.0
(6, 6, 4, 3, 1) r 1.0
(6, 6, 4, 3, 1) s 1.0
(6, 6, 4, 4, 1) l 1.0
(6, 6, 4, 4, 1) r 1.0
(6, 6, 4, 4, 1) s 1.0
(6, 6, 4, 5, 1) l 1.0
(6, 6, 4, 5, 1) r 1.0
(6, 6, 4, 5, 1) s 1.0
(6, 6, 4, 6, 1) l 1.0
(6, 6, 4, 6, 1) r 1.0
(6, 6, 4, 6, 1) s 1.0
(6, 6, 4, 7, 1) l 1.0
(6, 6, 4, 7, 1) r 1.0
(6, 6, 4, 7, 1) s 1.0
(6, 6, 5, 0, 1) l 1.0
(6, 6, 5, 0, 1) r 1.0
(6, 6, 5, 0, 1) s 1.0
(6, 6, 5, 1, 1) l 1.0
(6, 6, 5, 1, 1) r 1.0
(6, 6, 5, 1, 1) s 1.0
(6, 6, 5, 2, 1) l 1.0
(6, 6, 5, 2, 1) r 1.0
(6, 6, 5, 2, 1) s 1.0
(6, 6, 5, 3, 1) l 1.0
(6, 6, 5, 3, 1) r 1.0
(6, 6, 5, 3, 1) s 1.0
(6, 6, 5, 4, 1) l 1.0
(6, 6, 5, 4, 1) r 1.0
(6, 6, 5, 4, 1) s 1.0
(6, 6, 5, 5, 1) l 0.6625000000000001
(6, 6, 5, 5, 1) r 0.6625000000000001
(6, 6, 5, 5, 1) s 0.6625000000000001
(6, 6, 5, 6, 1) l 1.0
(6, 6, 5, 6, 1) r 1.0
(6, 6, 5, 6, 1) s 1.0
(6, 6, 5, 7, 1) l 1.0
(6, 6, 5, 7, 1) r 1.0
(6, 6, 5, 7, 1) s 1.0
(6, 6, 6, 0, 1) l 1.0
(6, 6, 6, 0, 1) r 1.0
(6, 6, 6, 0, 1) s 1.0
(6, 6, 6, 1, 1) l 1.0
(6, 6, 6, 1, 1) r 1.0
(6, 6, 6, 1, 1) s 1.0
(6, 6, 6, 2, 1) l 1.0
(6, 6, 6, 2, 1) r 1.0
(6, 6, 6, 2, 1) s 1.0
(6, 6, 6, 3, 1) l 1.0
(6, 6, 6, 3, 1) r 1.0
(6, 6, 6, 3, 1) s 1.0
(6, 6, 6, 4, 1) l 0.43333333333333335
(6, 6, 6, 4, 1) r 0.43333333333333335
(6, 6, 6, 4, 1) s 0.43333333333333335
(6, 6, 6, 5, 1) l 1.0
(6, 6, 6, 5, 1) r 1.0
(6, 6, 6, 5, 1) s 1.0
(6, 6, 6, 7, 1) l 1.0
(6, 6, 6, 7, 1) r 1.0
(6, 6, 6, 7, 1) s 1.0
